,0
0,0.2418025661347401
1,0.04471913932538952
2,0.04139983164828483
3,0.04215211291170625
4,0.055596374395601736
5,0.01056497798405505
6,0.011302744582880565
7,0.01277922658829387
8,0.07992693227588288
9,0.01155533351886654
10,0.00769593223123452
11,0.0057136244052361194
12,0.03656577030337883
13,0.00973375753040691
14,0.017732089473866813
15,0.024074097558595176
16,2.547163054115541
17,0.17605963391434995
18,0.17632065829766155
19,0.1804818873486537
20,0.7354775426838045
21,0.23544182573639033
22,0.23366588060210117
23,0.22657112893311446
24,0.8635580301213103
25,0.24633162089102278
26,0.2413047346763653
27,0.24663723429259513
28,0.777329160122507
29,0.2632718777227109
30,0.23312198440805748
31,0.22228479409614085
32,1.1857195793880284
33,0.22431427044578695
34,0.22366437140361486
35,0.24361486790632433
36,0.6253886022188683
37,0.2718990186130801
38,0.33939581702838684
39,0.33298901472622916
40,0.5648747486409369
41,0.23119206045147195
42,0.23344586968431527
43,0.23298379897367177
44,1.477871687474782
45,0.27558392026434764
46,0.3187895657209905
47,0.3394707393958
48,0.002067107029596811
49,0.0003338033008669061
50,0.0003340358643566914
51,0.00035658672447894184
52,0.002204731124207582
53,0.00038912268761582424
54,0.0003993267881000037
55,0.0004055617806207958
56,0.0026544565577599796
57,0.0003972059465348019
58,0.0003978233922793091
59,0.00040138714310493134
60,0.005729232928333128
61,0.00040185766828713764
62,0.0004055738705730342
63,0.00041505856430351065
64,0.10049412906852924
65,0.03086382937809067
66,0.03399538956984977
67,0.032735980433814184
68,0.06484400074492472
69,0.01835696792940677
70,0.01795619864988036
71,0.019800572672223838
72,0.06690257197418846
73,0.017628861970819636
74,0.012145775658422496
75,0.008940342268114755
76,0.038927376935446456
77,0.014259383932115947
78,0.025560914814714925
79,0.0329837254975504
80,0.44901677380933913
81,0.19211631763265474
82,0.20664610882202927
83,0.20074187863759638
84,0.5483952767371496
85,0.24210573716906664
86,0.261905637505497
87,0.2448720853540399
88,1.4851273758377426
89,0.26946207648345455
90,0.2732111503852576
91,0.2747489720630849
92,1.5297030720246756
93,0.2726527687848314
94,0.2543171259625798
95,0.25322579816275426
96,1.1608729366200887
97,0.18018380529960693
98,0.17340221149970847
99,0.19857584654070423
100,1.731461503786876
101,0.25153536339427224
102,0.28956615272791875
103,0.3002856130514146
104,3.091614076977414
105,0.207567351293468
106,0.19544193288505268
107,0.21158692542693422
108,0.768025653761628
109,0.23323742195504762
110,0.27679119900140037
111,0.28553719854629206
112,0.0030740438542713293
113,0.0007540599229229281
114,0.0007258628224424549
115,0.0007784441148593485
116,0.002703680641182264
117,0.0008752650318300395
118,0.0008810601611502218
119,0.0008098649869510456
120,0.003444604845020813
121,0.000774738294467233
122,0.0008029584229173842
123,0.0007961063670126829
124,0.0017505296927027127
125,0.0007585024396211417
126,0.0008152437745274774
127,0.0008005511368612071
128,0.028794828674701445
129,0.011325114429324568
130,0.01521200996297888
131,0.014653029496954692
132,0.1615044752834207
133,0.02888019569145474
134,0.0288359489087711
135,0.02964440640518498
136,0.1550962206285618
137,0.025046836894150142
138,0.02075294146160984
139,0.018615546424670972
140,0.10322636282971193
141,0.0235452528454999
142,0.03267347303987311
143,0.02740685960574994
144,1.4439408139682075
145,0.20467189145450548
146,0.20355791604519238
147,0.2050169105429508
148,3.854078587598941
149,0.26190758691945765
150,0.26419567516972864
151,0.26463806667302237
152,1.2450618497310977
153,0.2718801468421192
154,0.2864039242458979
155,0.28595396042395627
156,1.2270943907138476
157,0.2902918748262402
158,0.26480101214933627
159,0.26713711262963963
160,0.939441708424729
161,0.19799611406880277
162,0.19177582084652545
163,0.1961548795864441
164,1.17312631163907
165,0.24122343111376504
166,0.2881730534108004
167,0.2942825194205576
168,0.4716875543153473
169,0.1941879995913658
170,0.19593075695773518
171,0.20320402743291746
172,0.4848452607286352
173,0.2147437961679679
174,0.2703347656908507
175,0.2735543978869355
176,0.0060663252347268
177,0.0010187507271094377
178,0.001010589452347187
179,0.0010449476336361772
180,0.006101702974804069
181,0.0011346786110714437
182,0.0011345658944233751
183,0.0011393836595024725
184,0.006527023255018745
185,0.0011372539914597645
186,0.0011363746958120622
187,0.0011379212520734702
188,0.007841387138910152
189,0.0011408220817193744
190,0.001135539887850794
191,0.0011523356860513203
192,0.10025606302665827
193,0.007422091431597735
194,0.0045977751576345765
195,0.00450729228073181
196,0.08353113722757835
197,0.017690069593924846
198,0.018067923418997364
199,0.01726613126291508
200,0.07733657467927182
201,0.024019627076090247
202,0.027116565220613467
203,0.027895297389373748
204,0.11832182125931488
205,0.026951965161140023
206,0.01706879251859324
207,0.006247517913316508
208,0.9411989999425711
209,0.19240860717581093
210,0.19909779470549965
211,0.19680559367953734
212,0.5666418922949538
213,0.24409620749115807
214,0.2621474694750828
215,0.25149601764024065
216,0.5757055663982701
217,0.24964411842116416
218,0.2786057037472999
219,0.26695078238488895
220,1.4443824902832194
221,0.2728101160866817
222,0.25067090978660866
223,0.24918972410490986
224,1.0343792662765017
225,0.18024351504061678
226,0.1717924467030799
227,0.19602387328751797
228,1.398464259758383
229,0.2512564292301364
230,0.290611728285067
231,0.2997678081541137
232,1.4012904478632653
233,0.20843580382050714
234,0.1935043164517015
235,0.208172522874219
236,3.452899125796531
237,0.2305708257316153
238,0.2713699585325492
239,0.29376208024948525
240,0.004805501897866598
241,0.0013306506836465073
242,0.0013666326252903013
243,0.0013647902360814479
244,0.005672514820750996
245,0.0015383707633448637
246,0.0014513799836079503
247,0.0015183185179500236
248,0.005036318843739339
249,0.0015887880724924485
250,0.0016042187612665172
251,0.001404755083723679
252,0.006988529775818237
253,0.0013654223216622136
254,0.0014036728769746317
255,0.0013994892212841649
256,0.05439490609634155
257,0.025643720001000687
258,0.023801559117712572
259,0.023922541622335477
260,0.03910969814932617
261,0.01594015487365677
262,0.015890090648610126
263,0.013791774711951001
264,0.07771979969247271
265,0.015113506771367444
266,0.018763572877766834
267,0.02082080766611665
268,0.12398557961999686
269,0.016395933295557635
270,0.005485557368333959
271,0.0013699203724498034
272,1.3184191027347039
273,0.21185158734926843
274,0.21055760497794007
275,0.21084833376380857
276,1.805592251541002
277,0.2541166307328049
278,0.2528388413589651
279,0.25150511984499246
280,4.097564659668572
281,0.2609903493435211
282,0.2683544057072738
283,0.27487382629908697
284,0.8281283429684444
285,0.26891188659337206
286,0.25619270995093907
287,0.24368517967633743
288,0.8638938847779464
289,0.21827542645587136
290,0.18857574458671084
291,0.2266742939961424
292,0.7744139958510137
293,0.27444638446005193
294,0.3236183702853686
295,0.292578180270511
296,1.0711702913271743
297,0.1936867978496192
298,0.18123902930776686
299,0.19162066022652044
300,0.4328630762547096
301,0.20969462985298856
302,0.2795359840576207
303,0.2881646549611389
304,0.001025864382125136
305,0.0003876608954689003
306,0.0004181025321726194
307,0.0004300478470113786
308,0.002519745560118881
309,0.00047657257807293927
310,0.0004927235795893069
311,0.0005033140763894936
312,0.002766647974547669
313,0.0004920988863635724
314,0.0004957992918347182
315,0.0004984503662911642
316,0.003109145229849916
317,0.0005075282753317906
318,0.0005099421304151872
319,0.0005167402878703573
320,0.10699265443148911
321,0.01631002113066785
322,0.01204437649126397
323,0.013782716415831222
324,0.4309791773203799
325,0.02717717785477307
326,0.025680508047737936
327,0.024692947677254266
328,0.06953549522940372
329,0.025606686948829574
330,0.029614565946277333
331,0.02999203032882573
332,0.1289914187792789
333,0.028418345855569314
334,0.016370133022093395
335,0.01183973785464923
336,0.6336648974321449
337,0.23407512469644207
338,0.23671003187458017
339,0.20710294452962275
340,1.184767756813154
341,0.23508060454557173
342,0.24160827379855246
343,0.23485168530519737
344,0.4950890981785578
345,0.23558653866361431
346,0.2660169638303071
347,0.2493975340530917
348,0.5582843283436318
349,0.23459904371980844
350,0.2395087616019023
351,0.22617589872319904
352,1.302268686548076
353,0.20093527182967286
354,0.18725773823609967
355,0.2114310607758449
356,1.5030588176492148
357,0.24717674780602084
358,0.2850275300319568
359,0.29417433273975313
360,1.3935400053956868
361,0.20250571623130534
362,0.18557437625092357
363,0.19725069112571378
364,1.632019930923396
365,0.2262409794077946
366,0.2737805396648813
367,0.3017199826769751
368,0.005666863521832201
369,0.00034010893409765653
370,0.00033895771956542013
371,0.00037475307940177196
372,0.0009330090315592379
373,0.0003829013985968337
374,0.00041443227935318415
375,0.00040617132549317374
376,0.001575253572793989
377,0.0004288033435819548
378,0.00039687037159558103
379,0.000434251918076351
380,0.001188755915038039
381,0.0004540752726192405
382,0.00046845336509511345
383,0.0004209350354153941
384,0.020527267405015464
385,0.006060334264019536
386,0.0018065521558125075
387,0.003543968096316055
388,0.06974244819860514
389,0.03317537157883729
390,0.0352241211518053
391,0.0305663413068662
392,0.0693787052752146
393,0.0312684235071026
394,0.038079545189755086
395,0.037586986605448576
396,0.23339123497555303
397,0.03551788555439338
398,0.0260008125064728
399,0.019825744036419842
400,1.2621058015690538
401,0.2125560847934399
402,0.20821849866437736
403,0.2077250042486934
404,1.4853505952733892
405,0.24145535638738203
406,0.24201706487520042
407,0.23824501453362715
408,1.775772802486437
409,0.2502231148790544
410,0.25446386874303173
411,0.25659488928095936
412,3.4426192927428905
413,0.25075517679806425
414,0.2337016938291514
415,0.24018862440686328
416,0.5537043180511624
417,0.20447118287501156
418,0.1893007838086482
419,0.2035792461376352
420,0.7642322373071015
421,0.2665693531974229
422,0.27485697525813513
423,0.30605597952879254
424,0.5610094609212226
425,0.21941963737828624
426,0.1996800892498852
427,0.19316875849394075
428,0.9163533077626679
429,0.21246319216897208
430,0.27211267529937133
431,0.28815825350516666
432,0.0005880948453778489
433,0.0002482758531590648
434,0.0002756338013956764
435,0.00028081165325894087
436,0.0004516541089197499
437,0.00025517572666437874
438,0.0003171304837483295
439,0.00030577563978558214
440,0.0016293630074034318
441,0.00031073985027007774
442,0.00032016496316540795
443,0.00032611824079785184
444,0.0018795769125780684
445,0.00033717102996159656
446,0.00033800442156858184
447,0.00034432082725278576
448,0.3003067418707041
449,0.049546164196783336
450,0.047661653573376324
451,0.047198221680945784
452,0.2021615329891937
453,0.030261769423553794
454,0.029465628834055884
455,0.028008112366946333
456,0.29995059551696984
457,0.023997544386430345
458,0.020596444785324908
459,0.01976313614876544
460,0.049316193070831536
461,0.02065776951563828
462,0.027081158720315423
463,0.034182292049153594
464,1.163135834542066
465,0.18854926716196174
466,0.16655064627031382
467,0.18856671401702227
468,0.6099134075944598
469,0.2465374250620073
470,0.25477685253040316
471,0.22186078826148592
472,0.8788567889972546
473,0.22473392841913342
474,0.24801727657412898
475,0.23954553555285266
476,0.4614906043844391
477,0.22024008149344734
478,0.2231307802837171
479,0.2097925541599841
480,0.0820946311939046
481,0.05504476180225719
482,0.05352059745203292
483,0.03165835424727341
484,0.19411356839605418
485,0.023991341693538972
486,0.04079947356338376
487,0.05313059507971739
488,0.05241643009241223
489,0.0046528760373486045
490,0.006402327641844338
491,0.001435214471484177
492,0.04532637942626053
493,0.002405655758453032
494,0.009402883439931797
495,0.028464798998174393
496,0.011581833155496575
497,0.0014444483465471411
498,0.0014436994638225213
499,0.0014835497827470514
500,0.015041673386447749
501,0.0015876840630107373
502,0.001555614139444765
503,0.0016157806270078305
504,0.0035610240666074616
505,0.0015997364047597438
506,0.001634167089210202
507,0.0014591781216588633
508,0.009741683058037359
509,0.0016864991599440345
510,0.0014534029782487569
511,0.0017069970490582256
512,0.06397161566858459
513,0.03056642453075197
514,0.035851080370070156
515,0.03024894977126154
516,0.21585852268372457
517,0.05772520975507824
518,0.060402251181929295
519,0.05525872673837532
520,0.10410084363929928
521,0.053444512499386296
522,0.06096418057244316
523,0.05832175867609561
524,0.11037579887125848
525,0.05275373928703236
526,0.051603574206528044
527,0.041721752840509774
528,1.1863768762216091
529,0.18891226167460398
530,0.18379562186804374
531,0.1810718677252884
532,1.2192196459031697
533,0.20712221315996268
534,0.20492496004285649
535,0.201897392880214
536,1.4265420978866494
537,0.2227408963839494
538,0.2261191733191892
539,0.22698140184540153
540,1.6528467398818634
541,0.2244137016125778
542,0.20599873734801444
543,0.20212592929181578
544,0.2781387375156291
545,0.030554493884720375
546,0.01674118014504185
547,0.04521474770367431
548,0.034901070103435086
549,0.002272232071717341
550,0.01955082854525229
551,0.029863377272610937
552,0.2062345586364203
553,0.04933546120266133
554,0.047707623021155665
555,0.05632668784022802
556,0.10590393107796439
557,0.03555553710356853
558,0.031821011366989324
559,0.058442409793457176
560,0.0013103869900252991
561,0.00031765501206789553
562,0.0003372115229851208
563,0.00034018317948434257
564,0.0004387618746882888
565,0.0002967628395338742
566,0.0003691582369387936
567,0.0003671662503554222
568,0.0005445543944680886
569,0.0003164248706969635
570,0.00038737866054877645
571,0.0003518897298770066
572,0.002707827943926614
573,0.00040605425130784767
574,0.00040989963658509565
575,0.00042063641284823623
576,0.15426955117110677
577,0.02749280002726055
578,0.029336423721856342
579,0.028168819061380666
580,0.2252886336833994
581,0.03268115720986016
582,0.032970239989143446
583,0.03472049475648567
584,0.2590554875801705
585,0.03134784931353486
586,0.028201509528328977
587,0.02706685452380488
588,0.22845219444733084
589,0.028671616004154406
590,0.033866072091120525
591,0.031294523483401206
592,0.3266157664377349
593,0.1380358221243731
594,0.14158984012311812
595,0.12758524688685574
596,1.1882251332145315
597,0.20585793588932577
598,0.1784055935615528
599,0.20389092809525342
600,0.45835190463699454
601,0.2051415117824445
602,0.21552233690283162
603,0.19635276126512005
604,0.6871366061302776
605,0.18359314908942978
606,0.1857486640172434
607,0.17671522193504824
608,0.3119019316269227
609,0.14183998375331788
610,0.1510666265842127
611,0.162156023192183
612,0.39010957496113974
613,0.1966816764436327
614,0.2647512543655533
615,0.23842291453389364
616,1.500466829019717
617,0.18661699357847278
618,0.17293757796329673
619,0.18421838875639557
620,1.3706527412621594
621,0.20641556873307193
622,0.23630139123671037
623,0.25041268843897657
624,0.0017695933882094295
625,0.0001970001196217096
626,0.00019715064329419387
627,0.0002143124837220471
628,0.002130561273210647
629,0.0002524641236260985
630,0.00025500901530994596
631,0.00025568700632106216
632,0.0019715670358585622
633,0.00025090121241539673
634,0.00024450621310922316
635,0.0002550146768851686
636,0.0005806767771258477
637,0.0002548708208431081
638,0.00026023087671269405
639,0.00023508890832447786
640,0.08720964323798486
641,0.016116702086232105
642,0.011751677552580206
643,0.015656566776669868
644,0.029842460294935133
645,0.013009439113245605
646,0.01169695343621786
647,0.00937879893769474
648,0.04271528791169654
649,0.012656648768737027
650,0.01643514241955446
651,0.016500739088979765
652,0.031688459754681216
653,0.013824216153867397
654,0.00816082601792421
655,0.0017571778627184418
656,0.23680856421959007
657,0.1254743997855724
658,0.1464045087054311
659,0.12748118800905636
660,1.869008765828481
661,0.1899783495282369
662,0.19001751287385243
663,0.18766158914920414
664,1.6192897448257277
665,0.1922000003987572
666,0.1956717548284071
667,0.19585874169612685
668,1.953467462409269
669,0.19240533422246725
670,0.17784240049013791
671,0.18155387030610165
672,2.208862731549627
673,0.18702438896334617
674,0.17839503985174146
675,0.1991264665674014
676,1.6246179330317896
677,0.2189421094744835
678,0.2480239416184812
679,0.268072251144861
680,0.42600058960626064
681,0.17729981760995112
682,0.1632738747034298
683,0.155228678756531
684,1.02265681008463
685,0.2074196786385786
686,0.2220588163048496
687,0.2824932492472785
688,0.0003797203569206588
689,0.00014254750438176864
690,0.00014117016259786565
691,0.0001493140619468216
692,0.0005480841726455879
693,0.00016519101548534583
694,0.00018984247780032168
695,0.00018418739655983696
696,0.0003045545724512634
697,0.00016437232182813156
698,0.00018141645165356277
699,0.00017445519331129566
700,0.0003108434756206866
701,0.0001708437644092552
702,0.00019840000294987006
703,0.0001757564958177473
704,0.6783455195586875
705,0.07591222337837228
706,0.07570079846904618
707,0.07659235087997139
708,0.7373592515287283
709,0.09786751167726776
710,0.09933025124700531
711,0.09821067033616993
712,0.8460903854967226
713,0.09483228388324783
714,0.0959253610149542
715,0.0967849081277367
716,0.9794914753910771
717,0.09676233874136426
718,0.09695316915474723
719,0.09917895530418239
720,0.0397225370436242
721,0.004605894776011167
722,0.005039258677514257
723,0.009300864631897839
724,0.06878633076957708
725,0.029380987164616575
726,0.034420344599720716
727,0.030621047890315944
728,0.17937509954363887
729,0.029296433451716564
730,0.023750974885270306
731,0.027641187222199503
732,0.06360038068795366
733,0.0273998530487719
734,0.031600392716227256
735,0.029405378285886824
736,0.3309983474799817
737,0.07802988467550985
738,0.08902460993365746
739,0.08501512059356375
740,0.03592691359425783
741,0.010248866354189106
742,0.0049696880464584845
743,0.007678946355754147
744,0.02582032304356588
745,0.015677210334186262
746,0.010889045575687812
747,0.0011483066070361282
748,0.03627998053831783
749,0.02864526622832813
750,0.0620691415864246
751,0.07343356582943311
752,0.002089222373576752
753,0.00045339071805702754
754,0.0004137107385578866
755,0.00030283931472186815
756,0.001090257222172606
757,0.00012549057318319255
758,0.00011840850989463396
759,0.0001207933427112685
760,0.0009620109102006559
761,9.773261100363621e-05
762,8.796708744862029e-05
763,8.033878010949578e-05
764,0.0006477757308548438
765,8.870998494119987e-05
766,9.75147253557212e-05
767,0.0001205324019408374
768,0.1951814796831441
769,0.07582819354990865
770,0.07768540698000062
771,0.07121689849955087
772,0.6130574046398765
773,0.10274001309713435
774,0.09166017639419777
775,0.10368983351433995
776,0.23597059480299915
777,0.09675109032054292
778,0.1018390510571434
779,0.0942614589753825
780,0.33974216173686544
781,0.08986200447293193
782,0.09687732992913074
783,0.0936043257105615
784,0.009637442523537319
785,0.0041390699686699745
786,0.004987267055110459
787,0.00825201975157188
788,0.048205579499571286
789,0.025574069996565647
790,0.03381003094189757
791,0.029216673954211715
792,0.23666700034546415
793,0.02793616163482175
794,0.02601446873507315
795,0.0261362088242612
796,0.19573562616174064
797,0.026768744104180467
798,0.029843030967518426
799,0.030060660251409157
800,0.7537329328171141
801,0.08395850999497602
802,0.08895740843738224
803,0.09095865615838697
804,0.179363724503079
805,0.011453055293698599
806,0.0052073322960990215
807,0.008487833136728995
808,0.1266370809001712
809,0.01798075806394248
810,0.010595340886604077
811,0.0013686012000310472
812,0.011163464496970919
813,0.028602111758725565
814,0.06398804259661252
815,0.06838195302585307
816,0.000990781938498772
817,0.00030274521027440974
818,0.0002495664762650896
819,0.00018916946114021037
820,0.0012327149301362699
821,0.0002596685830594703
822,0.00014324233890745496
823,6.339609968751184e-05
824,0.0018464046941295664
825,0.0002494939716956478
826,0.0001418921968971528
827,6.889797542547962e-05
828,5.367315510528749e-05
829,5.930608274554455e-06
830,1.5792983241081355e-05
831,3.164951467847681e-05
832,0.14009577051402025
833,0.06823732901744246
834,0.07530774913428785
835,0.06882487198884844
836,0.8475976009817843
837,0.13197058161125977
838,0.13252496642356312
839,0.13264876484765403
840,0.7946967992529483
841,0.12820820482176107
842,0.12566178875522463
843,0.12408466131723501
844,0.8479442106299245
845,0.12508942166507536
846,0.1301164828009048
847,0.14331486275665625
848,2.286273533849796
849,0.2971788867764468
850,0.2981354311890167
851,0.29276733437516606
852,2.4988501116172177
853,0.3145714628147014
854,0.29343869458476235
855,0.30485997003279075
856,0.7852334695428299
857,0.3172104062474981
858,0.32694667355316137
859,0.28477286863868406
860,1.6568206463074968
861,0.31745006810891635
862,0.28824895933386285
863,0.31567751767500435
864,0.5340111439118785
865,0.22603143649329238
866,0.19763368999297623
867,0.20144277994033488
868,0.3058762860444012
869,0.10071982904264146
870,0.10182262272791615
871,0.1239826952455837
872,0.198306841696225
873,0.08638572226807127
874,0.07624947333043543
875,0.06912276123490418
876,0.15369619289672715
877,0.10934340653607483
878,0.2028976364496267
879,0.16354434188645794
880,0.4808532929455932
881,0.12499829314923505
882,0.11963080900584738
883,0.0909590787574224
884,0.03539046679915064
885,0.0106146479075009
886,0.013084775116593613
887,0.010993425120826537
888,0.13493287037282825
889,0.022198879304995076
890,0.02685526143238993
891,0.028690259793457372
892,0.20597118677365264
893,0.024531783567777955
894,0.01728305418174346
895,0.010090936625557888
896,1.1043272581888237
897,0.1340965396709612
898,0.13667036768906338
899,0.18221068860073678
900,0.6152419071466925
901,0.24363091862442338
902,0.25013988451552094
903,0.23293387849031855
904,0.8568498096760049
905,0.23581783317243438
906,0.21092397578152677
907,0.23525985793388318
908,0.5973080120832949
909,0.23460617648392573
910,0.25402481367277063
911,0.254375910317689
912,0.25861080039918843
913,0.10273119900305638
914,0.11807455536125402
915,0.06203085557040835
916,0.3513390734241447
917,0.17213226007910398
918,0.14866155177409066
919,0.1170948796273322
920,0.345352462544351
921,0.1743421205519992
922,0.1868296961745327
923,0.15944346234390475
924,1.078461694849681
925,0.17125333969736717
926,0.13149624568491294
927,0.055675968048635956
928,3.3662363730421165
929,0.6081726836007856
930,0.5779691826447568
931,0.5051392445327384
932,3.0506990575701693
933,0.47561721027464376
934,0.4631851205810398
935,0.4387627353087891
936,3.8710896940529076
937,0.5204611351356503
938,0.5192408508698532
939,0.5123227905253364
940,5.147243058914768
941,0.5321211438699123
942,0.5704649666148739
943,0.7495164845611888
944,0.07406525741589583
945,0.02703243234949472
946,0.02769038387387636
947,0.027354505894299407
948,0.21401960094474598
949,0.022090868232420263
950,0.007279867962302937
951,0.01975070237889089
952,0.1243990774903055
953,0.010801407724917831
954,0.012758142915659035
955,0.021948288557812477
956,0.1031865053291402
957,0.02907537886513574
958,0.03281471526584171
959,0.03211225171909781
960,0.37191340329296524
961,0.1813380090815466
962,0.18894316243287892
963,0.17758465248436067
964,0.4458144848766739
965,0.22823295753049766
966,0.2665883968872192
967,0.23810336821003003
968,1.3739204101393743
969,0.2576684817308376
970,0.24775578104560908
971,0.24334811772665238
972,1.3234142186374294
973,0.2486532407003235
974,0.2555720638847618
975,0.2743183714950864
976,3.548416674591393
977,0.6236636464449791
978,0.6247787507831282
979,0.6239752482113918
980,4.485749697160814
981,0.6721540712788552
982,0.660363560106669
983,0.66518983624114
984,8.010988161314959
985,0.6540811883239023
986,0.647977359585459
987,0.6976867802266717
988,1.797008509033363
989,0.6523288076619581
990,0.6909103209307377
991,0.6466315162255384
992,0.9174359576382818
993,0.3135783023406923
994,0.24295578471662047
995,0.2678354611994023
996,0.5077959664677032
997,0.19430843071286397
998,0.15018851970471733
999,0.17339535980139067
1000,0.9700595824484627
1001,0.1951806011140174
1002,0.18960968709769416
1003,0.1850420204853121
1004,0.39573340746773805
1005,0.20573440917827718
1006,0.31194203330496195
1007,0.3751753667887735
1008,0.5323794023027374
1009,0.3381770101137634
1010,0.38285390619625664
1011,0.28260518699815257
1012,0.3606370619859581
1013,0.07704689123172294
1014,0.0669058826555433
1015,0.048504666704340865
1016,0.5748507697181896
1017,0.10737516940155903
1018,0.12524392844068902
1019,0.13120123271907969
1020,0.6712209481452376
1021,0.09875203372295355
1022,0.07704049998218766
1023,0.05254191577472067
1024,0.5261794033822027
1025,0.08003775936022903
1026,0.09133327506688531
1027,0.11273199248503835
1028,2.757517863259388
1029,0.21980590362154548
1030,0.24783312010015365
1031,0.2880562275317969
1032,0.48096650330225815
1033,0.1498375048651765
1034,0.15522014595196268
1035,0.15206535713817199
1036,0.5241626595209916
1037,0.16195517425940908
1038,0.1412686039571971
1039,0.1558802194939976
1040,0.3044223576595993
1041,0.10220751769884417
1042,0.018595520598586004
1043,0.1391407102504429
1044,0.2949277606011402
1045,0.05793967556928867
1046,0.018181995843822785
1047,0.027839658363370795
1048,0.16020777711649883
1049,0.06783840723301918
1050,0.06697881188086063
1051,0.05694938285911942
1052,0.10954122157982991
1053,0.04209598178564123
1054,0.10036159487125672
1055,0.1590737556618926
1056,5.977148373020791
1057,1.0576508908479525
1058,1.0296844940124623
1059,0.9644450598046669
1060,5.784009246451812
1061,1.0171006382630408
1062,1.061329922066899
1063,1.0502797488049311
1064,6.015649236507517
1065,1.0160606325340733
1066,1.0107131576032962
1067,1.0107884490360164
1068,6.964542907932681
1069,1.0281947226368182
1070,1.0699091014325248
1071,1.2809705656644403
1072,0.06925805835721419
1073,0.010678200367351377
1074,0.004454470021820276
1075,0.013638669933249513
1076,0.29951417703521516
1077,0.04352799373226267
1078,0.013129531048047724
1079,0.007082193394025028
1080,0.24395200346778717
1081,0.032146491464812514
1082,0.008036381374087046
1083,0.006217008547147243
1084,0.04182100962976439
1085,0.019101821529223753
1086,0.0223004491798693
1087,0.023588637832019078
1088,1.0011462081736047
1089,0.20939216137769534
1090,0.20953656977774276
1091,0.20712382335227303
1092,0.5469089707515159
1093,0.257276756498406
1094,0.283921362715415
1095,0.2672814502723302
1096,0.5483672323406344
1097,0.24569683115576818
1098,0.25927058139606896
1099,0.23592854901881463
1100,1.467423306706128
1101,0.26429333123497656
1102,0.272252227790262
1103,0.2925582435100404
1104,4.169358182044745
1105,0.7161184513483615
1106,0.7158256411282904
1107,0.7075880590595882
1108,4.676398400660213
1109,0.784524395996837
1110,0.7809748017412668
1111,0.7819625103616914
1112,5.605524843908451
1113,0.7681659387169018
1114,0.7630451065081563
1115,0.768043917878455
1116,11.48602973212037
1117,0.7681116108972103
1118,0.7979924488198563
1119,0.8577397250645241
1120,0.8610593346131353
1121,0.3000868024094991
1122,0.2700310909773932
1123,0.2523844466460192
1124,0.6561128850176905
1125,0.1937467495632252
1126,0.12861368504612847
1127,0.17414152402190994
1128,0.8257073672306656
1129,0.21599410464971674
1130,0.1995056317442901
1131,0.1918816290025045
1132,0.9651299984841034
1133,0.21828464773429435
1134,0.32120434733333597
1135,0.4009527398504194
1136,0.9480932183550138
1137,0.5035779299112411
1138,0.5439116020032003
1139,0.45530364877076734
1140,0.38656763486302
1141,0.1966402074650685
1142,0.18865394239660752
1143,0.13615285877475114
1144,1.1845764261547729
1145,0.24407017526122335
1146,0.2792212087175128
1147,0.2957928013883437
1148,1.4313685782865275
1149,0.24319433559016498
1150,0.20269362945072347
1151,0.15136131803513578
1152,0.476771349324316
1153,0.09358378273796514
1154,0.10667937255040601
1155,0.12217960257351998
1156,1.4379338268808401
1157,0.24344806414987935
1158,0.2739132991595333
1159,0.2985216431407486
1160,2.6017234474039364
1161,0.14534194160968203
1162,0.1479530694506921
1163,0.15939475505631875
1164,0.5150461344809322
1165,0.14786016432818797
1166,0.13142524732595212
1167,0.12694546753710628
1168,0.10903459911857877
1169,0.13387649607430738
1170,0.10808410962706085
1171,0.06634129225848032
1172,0.5936384937819644
1173,0.16574336610699544
1174,0.11149276060495351
1175,0.06637304264769675
1176,0.7848540344838035
1177,0.16018065496383535
1178,0.1588211122938643
1179,0.1484249210933746
1180,0.3233036136284836
1181,0.12778486655071966
1182,0.09780388835533184
1183,0.1584504255464961
1184,2.506835584715986
1185,1.06446861022535
1186,1.1296108168492047
1187,1.0046075770880678
1188,6.040925866922616
1189,1.1354777567772636
1190,1.178929532046503
1191,1.1673294242200947
1192,5.980681308006671
1193,1.1267522370488283
1194,1.1101140742720015
1195,1.1061339767453622
1196,6.188128881985152
1197,1.1406141301046187
1198,1.1860292524633291
1199,1.39667151172208
1200,0.0973532940780505
1201,0.025105372690258584
1202,0.008231640394631656
1203,0.014700288359208473
1204,1.6684494375689765
1205,0.053829526442612526
1206,0.018202902321202877
1207,0.013537062803815822
1208,0.3087495611555897
1209,0.043475465564068894
1210,0.02593686028055573
1211,0.011570116229914919
1212,0.01839196006917996
1213,0.01340227419621416
1214,0.019134444831338464
1215,0.031592988001810283
1216,0.6839759328728346
1217,0.18580661756031888
1218,0.18473714356055332
1219,0.16879023910952587
1220,1.0245993885029434
1221,0.23054541319043695
1222,0.2378855150959046
1223,0.2362913766484534
1224,0.5000298393346233
1225,0.21522544687897216
1226,0.2180188861350411
1227,0.20642532054045754
1228,0.472917251691493
1229,0.20768953873950682
1230,0.2334652518928876
1231,0.24639982856875878
1232,4.110562251134993
1233,0.7381096220402306
1234,0.729110212665757
1235,0.7252530995555857
1236,4.402306083927784
1237,0.7977017695289156
1238,0.8128498021755897
1239,0.8212437398222209
1240,4.6914264534652705
1241,0.7953515727118731
1242,0.788111451446814
1243,0.7881322508312553
1244,5.303548122244289
1245,0.7988387415097632
1246,0.8245016429956233
1247,0.8486769888056582
1248,3.5379295536174293
1249,0.24659137349294902
1250,0.20817008993885144
1251,0.2161626621376298
1252,0.4584755326887247
1253,0.12065906594811959
1254,0.0678184162334452
1255,0.096749374006867
1256,0.8814464736133121
1257,0.16588156715478186
1258,0.1341289577774836
1259,0.14763932862279952
1260,0.6389874277790674
1261,0.18353709159882714
1262,0.2914799678806318
1263,0.3438050705701426
1264,1.697474219208174
1265,0.45024408256104864
1266,0.45967536677370957
1267,0.3938920017377055
1268,0.2919182053532075
1269,0.14457323517475945
1270,0.1327924503823419
1271,0.09570131934858382
1272,0.35246877876705496
1273,0.1647034862871774
1274,0.21185997571187368
1275,0.21641045568626516
1276,1.1112699392271095
1277,0.18503826386161026
1278,0.15181947303335208
1279,0.11001644601937219
1280,0.40228051113074137
1281,0.08522609042804022
1282,0.09669861881990939
1283,0.10474972514696587
1284,1.094860416057697
1285,0.21131236296699402
1286,0.245375846677913
1287,0.2721059241964307
1288,0.881595272339159
1289,0.12506077591199513
1290,0.12497787176628353
1291,0.12906927879089786
1292,2.3311389722750553
1293,0.1248097788802454
1294,0.1023814667225709
1295,0.0898345625551464
1296,0.3388981718754998
1297,0.1667287826093296
1298,0.18226716535454252
1299,0.07765599687823586
1300,0.9086705123528934
1301,0.22625896337902546
1302,0.15958648479373153
1303,0.133871929800614
1304,0.8695081582382106
1305,0.22270489645724595
1306,0.22607384422442015
1307,0.19120594944948394
1308,0.8553574417031351
1309,0.1723397502703692
1310,0.08697998378167512
1311,0.15200742994833694
1312,2.5347628901280124
1313,1.038528089619878
1314,1.084127012184348
1315,0.9958470861274744
1316,2.3071504234315383
1317,0.9990937572226452
1318,1.141199530031511
1319,1.077392786424369
1320,5.6905544465024285
1321,1.0467590212209203
1322,1.0301039879872809
1323,1.0260560853433573
1324,5.586472101350051
1325,1.0641753703066685
1326,1.097825783366913
1327,1.3222930557946635
1328,0.0466914909050476
1329,0.015750722043291056
1330,0.009462371690354781
1331,0.024791964892476953
1332,0.5417988171941401
1333,0.03850020779409354
1334,0.009121856762806345
1335,0.023285473884888757
1336,1.136208990470288
1337,0.0296657480895476
1338,0.01423367318073922
1339,0.0036801897063879195
1340,0.0433970385488455
1341,0.020251262497654285
1342,0.026971912569193564
1343,0.03679697523897792
1344,0.6857800882583117
1345,0.18083543147244635
1346,0.16066316775861966
1347,0.16988047914890156
1348,0.8713347364316192
1349,0.24948197414219603
1350,0.267193148217809
1351,0.23828889011434448
1352,1.0169606202710413
1353,0.20668216014754753
1354,0.20353209964772537
1355,0.19968059530404444
1356,0.45146703934290466
1357,0.19424576356727907
1358,0.22315456349609683
1359,0.2430734393350103
1360,1.5828481786240296
1361,0.658449129856786
1362,0.7048444512680784
1363,0.6716032800025168
1364,4.518420144082933
1365,0.7666791452408819
1366,0.7535452424095888
1367,0.7551199475545414
1368,4.582991096245408
1369,0.7504706331142698
1370,0.7420975626290304
1371,0.7397217404254798
1372,4.663121016642337
1373,0.746624079438116
1374,0.7828086673395253
1375,0.8157493984396906
1376,1.796019611288399
1377,0.2682277673951622
1378,0.22623540538468223
1379,0.23603976871569063
1380,2.3918476391166017
1381,0.15688082720225763
1382,0.1098574831222613
1383,0.14407437969950715
1384,0.7561629421468506
1385,0.18286620785616986
1386,0.16790397448465777
1387,0.1655655120069017
1388,0.7115326635624211
1389,0.21873740387330032
1390,0.2915526230874922
1391,0.40549350016668684
1392,1.022666897136932
1393,0.42889080179989564
1394,0.44579807347512146
1395,0.3258363918005525
1396,0.2472620658892096
1397,0.06345357875218592
1398,0.04173172808388737
1399,0.01074724416411968
1400,0.16708845349234483
1401,0.08333988063754094
1402,0.12217200032388725
1403,0.12973695020150705
1404,0.2657454036418924
1405,0.08254251611786706
1406,0.05966897715623472
1407,0.01908746163111687
1408,0.3693652899035563
1409,0.0749524813387936
1410,0.08551456152803295
1411,0.0938084742868517
1412,1.0407581355465214
1413,0.19638851712692595
1414,0.2271321175465
1415,0.2533661366924694
1416,0.7313699670669829
1417,0.11569554293668037
1418,0.11746307011610252
1419,0.1217917098287366
1420,0.8225785487701859
1421,0.11831711280718919
1422,0.10141239213960601
1423,0.08709090955738279
1424,0.9881565398972229
1425,0.14424071461131305
1426,0.14949071608993597
1427,0.06307382337852904
1428,0.5841864072037196
1429,0.1880855794330896
1430,0.1363811710558205
1431,0.09604758171363134
1432,0.7413357927263245
1433,0.1980012247527493
1434,0.17203037504510202
1435,0.1797832179363245
1436,0.518919185259018
1437,0.16898734427652146
1438,0.09216754406325611
1439,0.1456424173975724
1440,5.294421872593794
1441,1.0151763322033962
1442,1.0158320068524602
1443,0.9417424709262638
1444,2.1012966186172966
1445,0.9489965635902011
1446,1.0954681966781024
1447,1.0275805953873989
1448,2.2595945256390175
1449,0.927060616707547
1450,0.9933201164930148
1451,0.9482397685379832
1452,5.876811927116902
1453,1.0243151833330246
1454,1.0587295889083037
1455,1.2638825843485832
1456,0.18464293027147083
1457,0.030645528049588262
1458,0.037733181928396434
1459,0.05626994913909967
1460,0.24238650476899057
1461,0.011312119263610528
1462,0.040752278230571634
1463,0.06422341266862572
1464,0.17110575804576214
1465,0.015074125867781106
1466,0.028997295587080953
1467,0.04057187720865546
1468,0.871273290080156
1469,0.061130217938167156
1470,0.06651269794864993
1471,0.07910773691807224
1472,0.0811658112592932
1473,0.02480796269439052
1474,0.02097481419894005
1475,0.018944261268924543
1476,0.13979689234640602
1477,0.044549001969954434
1478,0.042224885719333125
1479,0.04511398813238145
1480,0.10885271650835146
1481,0.03950619286789762
1482,0.0394488465774959
1483,0.03525368768328179
1484,0.17464088400372954
1485,0.03503773430891873
1486,0.03827731272562795
1487,0.05025957736342425
1488,0.7627786023513206
1489,0.3655956579259522
1490,0.40385436450766043
1491,0.3700066165639261
1492,1.1074378218761174
1493,0.4681212377827335
1494,0.5239242529642069
1495,0.45713814316466805
1496,2.7262370984651816
1497,0.46177849883302835
1498,0.46103962246371744
1499,0.46184125003030424
1500,2.849228513468798
1501,0.46349237521910364
1502,0.456075462318289
1503,0.454460156559382
1504,0.239658937286328
1505,0.04537208272721649
1506,0.021090936352868087
1507,0.027237104305245428
1508,0.10560101846556827
1509,0.03982112125838183
1510,0.031849296585057404
1511,0.03632190784138569
1512,0.24906127934955488
1513,0.037611164199099115
1514,0.05512876983320524
1515,0.046329839781289094
1516,0.13395296907485899
1517,0.05536249280263871
1518,0.04964079198454123
1519,0.09569313091470893
1520,2.567446292805645
1521,0.8339388079493765
1522,0.7670790196725287
1523,0.861744394165848
1524,2.583487429885397
1525,1.1785404733489129
1526,1.3092370521982182
1527,1.1635591356101944
1528,5.3233285254405285
1529,1.1287599912179722
1530,1.1769468009995085
1531,1.1445496189392756
1532,2.264344515136724
1533,1.0599007712995376
1534,1.143317980283364
1535,1.0611255390344496
1536,0.12651022100177559
1537,0.06263026817301515
1538,0.06705923583471435
1539,0.06850317534018842
1540,0.4009132746683621
1541,0.08059541595574074
1542,0.07528130996733726
1543,0.07294404188136344
1544,0.3976536059078534
1545,0.07475004681166897
1546,0.07674349361177928
1547,0.07621898851192407
1548,0.46449104634541305
1549,0.07582231177448882
1550,0.07531429437729145
1551,0.07415028706152248
1552,2.5352476482517043
1553,0.39999703660618324
1554,0.37394360468698346
1555,0.36077836361499055
1556,5.263007579992373
1557,0.4794942982263186
1558,0.4657015249804002
1559,0.48629981602817407
1560,1.161585057778861
1561,0.47552321027591726
1562,0.46625913053947576
1563,0.4440067616547459
1564,1.3630530972572559
1565,0.5114290018102662
1566,0.43822903301869165
1567,0.5049815904600414
1568,0.06650095827397239
1569,0.007838532038679314
1570,0.019698314622800816
1571,0.03219161237460708
1572,0.4647862277711774
1573,0.1037390433224079
1574,0.11096355595741161
1575,0.10456186851129541
1576,0.19532588341585186
1577,0.0994346080366598
1578,0.11326084270600836
1579,0.11192063393652216
1580,0.24328448559662597
1581,0.0970600595826589
1582,0.07417074277190472
1583,0.06742644370149299
1584,3.7866948862434824
1585,0.7012817703337587
1586,0.6952531441550129
1587,0.6863310119491294
1588,4.6836295598279065
1589,0.9465220265068074
1590,1.0236436221255687
1591,1.012358672361884
1592,5.857707708833973
1593,1.030970645856268
1594,1.0216972675553888
1595,0.9994207858024291
1596,6.498536917021
1597,0.9496205671058039
1598,0.9304513346484189
1599,0.9944147992512585
1600,0.4825413330315216
1601,0.05046851405291898
1602,0.05486806147264647
1603,0.05645032727005204
1604,0.08797163892658068
1605,0.033092877487266165
1606,0.029576288093949826
1607,0.027193448741024466
1608,0.14520441274594942
1609,0.026912510460654283
1610,0.024068668859971883
1611,0.02969893396375674
1612,0.0608653995774704
1613,0.024112181066971043
1614,0.023446467055036665
1615,0.008270763827217507
1616,3.0952340005142687
1617,0.7441333913675982
1618,0.7922345428942942
1619,0.7432350664327841
1620,1.8007217221978513
1621,0.8855542715315282
1622,0.9608637844525059
1623,0.901181338808244
1624,1.7243559320621065
1625,0.881712158772583
1626,1.0071443623867147
1627,0.8912667455148157
1628,5.920145864650556
1629,0.9779972803124589
1630,0.9542662548847418
1631,0.9527426758970687
1632,1.5066352369166518
1633,0.2668083617111364
1634,0.27335958897110757
1635,0.27963392675157933
1636,1.5712811789930337
1637,0.1945765629517823
1638,0.2210131683035549
1639,0.19414304970598942
1640,1.9916801360788643
1641,0.2544545242537117
1642,0.21978027940033615
1643,0.2292300484634606
1644,1.790606644384631
1645,0.1785423214940097
1646,0.17071556558460926
1647,0.1316702769407599
1648,3.765695259255794
1649,1.7003878380741113
1650,1.7458146552127922
1651,1.5515678263737236
1652,10.578104844712556
1653,1.8324014643676831
1654,1.5681215939460025
1655,1.8485240428379923
1656,3.8471876715374895
1657,1.7978285390465276
1658,1.890931719543635
1659,1.6750154523386258
1660,6.235580483474608
1661,1.6017121525424771
1662,1.7182714513450628
1663,1.6279892763391437
1664,0.06677798592134085
1665,0.03380584863833604
1666,0.03186769704955712
1667,0.02663654930260907
1668,0.03977577400304407
1669,0.02341164749723179
1670,0.029477026134945083
1671,0.02456572370539677
1672,0.27059625632574974
1673,0.03924731362515339
1674,0.03708308321418724
1675,0.03461901985169147
1676,0.24034879049075417
1677,0.041796928334245996
1678,0.03742238633750255
1679,0.03346114334632329
1680,5.853420721833117
1681,0.8545910051585878
1682,0.842066424577041
1683,0.8289709383637378
1684,7.9064740017321755
1685,1.0443274557005646
1686,1.0441782808908955
1687,1.0429440638026959
1688,9.033140789919479
1689,1.0595691840949246
1690,1.0266102766281398
1691,1.0749048077145573
1692,2.257616131188382
1693,1.0482919050277304
1694,1.0590906403954274
1695,0.935833063515784
1696,1.9311540584823819
1697,0.268369553610598
1698,0.13697904898478405
1699,0.27056594930150557
1700,1.0515117508254914
1701,0.516482425579596
1702,0.5254076101620059
1703,0.46069538617020284
1704,1.4269404316172891
1705,0.40858719719968967
1706,0.4573227982523668
1707,0.4484892454225256
1708,0.9524221902928998
1709,0.4422903033466391
1710,0.4512553818619588
1711,0.4243615130942998
1712,2.7872730342064593
1713,1.473675004755464
1714,1.6944137624061466
1715,1.4869427765771956
1716,12.00867499831201
1717,1.702728271707844
1718,1.692166438119128
1719,1.6902276125999194
1720,11.157654143783802
1721,1.7046500946483065
1722,1.697208035806849
1723,1.6953107938213656
1724,12.857905998731997
1725,1.7068174781083763
1726,1.7009125466027397
1727,1.7081655086144716
1728,0.7760971917662739
1729,0.09467951209632997
1730,0.09951762506457838
1731,0.09491537421362096
1732,0.6683558423046351
1733,0.07710162313396497
1734,0.07204635828460769
1735,0.0784860682071325
1736,0.13459803719121752
1737,0.06721531701214799
1738,0.06859119279291112
1739,0.0629335245872521
1740,0.38023566933954006
1741,0.06425883973377365
1742,0.05980011594835925
1743,0.05834956723543278
1744,2.3171487887996447
1745,1.1102098788116386
1746,1.1525342010032782
1747,1.0231429551416216
1748,4.596472189829198
1749,1.210700577291022
1750,1.3071123199636618
1751,1.2242069807518816
1752,2.4002665376264813
1753,1.2068732748538238
1754,1.3000808792112477
1755,1.2101521128317971
1756,2.1884648740737176
1757,1.1428979846199467
1758,1.2996793558194242
1759,1.1466154405838072
1760,3.299086839636175
1761,0.3326026764963288
1762,0.1772150927397261
1763,0.3266730106797958
1764,3.801552241670687
1765,0.5358066478793542
1766,0.531049796531881
1767,0.5771605867674844
1768,3.7647738366860057
1769,0.43806293680024216
1770,0.4734854611286757
1771,0.48539929240814655
1772,5.356538789904875
1773,0.5539514366989369
1774,0.5655555966935502
1775,0.6950394851307818
1776,12.532899248011939
1777,1.7152660779717432
1778,1.6503684886390726
1779,1.7370255048399341
1780,3.7069524545929027
1781,1.7209477584624835
1782,1.7493858971655414
1783,1.5544576308400002
1784,9.249994111101845
1785,1.8071273560706194
1786,1.5510731172139345
1787,1.810967917039615
1788,3.731166710631829
1789,1.768050813323468
1790,1.8292455593237873
1791,1.673209818818533
1792,0.12198822439786178
1793,0.031919560774675115
1794,0.028663830237738445
1795,0.025562266505470346
1796,0.03849668981846652
1797,0.020743548115509963
1798,0.02325467305641929
1799,0.02032622204242735
1800,0.06427851072334055
1801,0.031959625965916116
1802,0.03572273948816709
1803,0.030532240963225515
1804,0.34317324377561853
1805,0.043461639359704776
1806,0.03267406194014665
1807,0.03722333317037444
1808,8.796998647329978
1809,1.1442333433385563
1810,1.135669965118808
1811,1.1210244469694526
1812,12.266016608657685
1813,1.3913142911654308
1814,1.3935889082245134
1815,1.3953678906439204
1816,13.862236892574359
1817,1.4341708394890198
1818,1.4252475911318572
1819,1.4108530051396437
1820,10.418659013901484
1821,1.4011047745063672
1822,1.3376651358062874
1823,1.413131417585758
1824,1.3214928030339286
1825,0.47324593979174634
1826,0.25830755323911625
1827,0.44937486941304583
1828,4.93541888067535
1829,0.9296257281410729
1830,0.8143521232965136
1831,0.9255080837523608
1832,1.6700365859983262
1833,0.7863463103050038
1834,0.836068073408351
1835,0.807504310494059
1836,3.401394700432681
1837,0.8160610511799934
1838,0.8494230089909274
1839,0.7972715179713824
1840,3.020453684251523
1841,1.5155800483331676
1842,1.6488232032395844
1843,1.5234768189257224
1844,2.8109229817568218
1845,1.475138728385772
1846,1.6874019018055926
1847,1.4913156104641137
1848,14.419669931696747
1849,1.695391025336923
1850,1.6912180987643508
1851,1.687159017398788
1852,12.953605293284571
1853,1.6956089918730497
1854,1.6950218881075925
1855,1.6918281350830122
1856,0.8297184487680286
1857,0.0947671808550381
1858,0.09977229372081983
1859,0.09692430037602656
1860,0.7497109475011436
1861,0.07164237841702555
1862,0.07084300595605407
1863,0.07366987187512368
1864,0.4137464600573001
1865,0.06090352926643667
1866,0.05869530172673947
1867,0.06559050081144238
1868,0.133641193868568
1869,0.055938792508659754
1870,0.06468214654001729
1871,0.047827963515725234
1872,5.589028457271234
1873,1.1871157889328665
1874,1.0231627490557105
1875,1.154361339092094
1876,3.1392066006949437
1877,1.3813227473227692
1878,1.4415180799573915
1879,1.3160378762700728
1880,5.120630958069629
1881,1.29946532430159
1882,1.3883184535928117
1883,1.3039675171240093
1884,2.46490275648331
1885,1.2174181939219915
1886,1.3061607743217427
1887,1.2203962665231831
1888,0.6459225039766459
1889,0.3095211715622909
1890,0.19530556858011125
1891,0.3105520336358828
1892,4.271405670722327
1893,0.5672780276926581
1894,0.5609995230907706
1895,0.6087307075442391
1896,3.214690264507195
1897,0.4654468057179092
1898,0.503572620790049
1899,0.5145744969146259
1900,4.845001525740678
1901,0.5866385429066565
1902,0.5960041562913181
1903,0.7327777468288302
1904,15.254798252811744
1905,1.5912091950349248
1906,1.5909292215997977
1907,1.5795386712531219
1908,11.670017892365783
1909,1.5880196205851997
1910,1.5309996569806927
1911,1.6718488226751929
1912,3.760043008253189
1913,1.587712656052687
1914,1.6407379391747035
1915,1.4581049855162207
1916,10.694611968601519
1917,1.6883272794594004
1918,1.4544123784650353
1919,1.6910423644267099
1920,0.020744916573040603
1921,0.009883626423227848
1922,0.004220856815085049
1923,0.005489882103716219
1924,0.009545168701654682
1925,0.0020483516270806963
1926,0.0016542854734757537
1927,0.0032291550891144515
1928,0.025388812167552406
1929,0.009823066037200744
1930,0.009891966074021609
1931,0.008711051577357482
1932,0.02587570198494113
1933,0.015837152518609225
1934,0.007252099420298098
1935,0.011219430109793493
1936,8.954104167987925
1937,1.1743171213368522
1938,1.164795723002786
1939,1.1472942750884902
1940,9.964865676496037
1941,1.4258665446917669
1942,1.4291269685187613
1943,1.4237541217036036
1944,11.55568321993036
1945,1.471647334693928
1946,1.4596116316327765
1947,1.4586720166513358
1948,12.837451775741338
1949,1.4402144822072476
1950,1.4284215750813116
1951,1.4141028596198117
1952,4.262220844691254
1953,0.48005748985275426
1954,0.23826133333091468
1955,0.5279439788060519
1956,2.092022007859794
1957,0.9043533223648257
1958,0.942113528615196
1959,0.8226874020776572
1960,4.827276034315738
1961,0.8333307114351591
1962,0.733069352828664
1963,0.903521098850819
1964,2.231963953041397
1965,0.9173392961488954
1966,0.9370657476846123
1967,0.847678523398914
1968,6.026062166097231
1969,1.5284120990731551
1970,1.6381517745665204
1971,1.5502588258076455
1972,2.93929940889948
1973,1.4699387735799088
1974,1.6000207634716352
1975,1.475133181259918
1976,2.7447641003999235
1977,1.432500950817866
1978,1.6349323317395341
1979,1.4465941294219848
1980,10.194605889182064
1981,1.644744612220268
1982,1.632011631463253
1983,1.6278607058756167
1984,0.688114202139411
1985,0.11317886441206815
1986,0.11786739203592739
1987,0.10992031798909986
1988,0.738816697173946
1989,0.11019413183926924
1990,0.10655167222316812
1991,0.10939812402451289
1992,0.7273231211359781
1993,0.10049003816361161
1994,0.09974660181962554
1995,0.103821428613944
1996,0.752592046336738
1997,0.08968389584978356
1998,0.09144264264738822
1999,0.08706502514612932
2000,2.5781441779737175
2001,1.1253816731487793
2002,1.1578043934239135
2003,1.0038384792988888
2004,8.321703175292578
2005,1.4666980848493627
2006,1.256829828632905
2007,1.4532392758960873
2008,3.238363905741777
2009,1.4521260585893978
2010,1.5222181336066778
2011,1.3853058270938017
2012,5.173595311572276
2013,1.2956809307168387
2014,1.3736549905517
2015,1.298478866807568
2016,0.5062257902250153
2017,0.21286317557240894
2018,0.17600721964767813
2019,0.22250612025348807
2020,0.3956646963761472
2021,0.15960394597634364
2022,0.2059954726162673
2023,0.1354283398218088
2024,1.741690674554064
2025,0.27962315743134636
2026,0.22570608245510998
2027,0.22266029987056277
2028,1.0518789125949886
2029,0.15978809018161327
2030,0.16018799825638247
2031,0.15195212079050996
2032,10.8136480284947
2033,1.6988809279443977
2034,1.6932788456838421
2035,1.700144329768967
2036,12.171661329471329
2037,1.7009254159127902
2038,1.6940867453754727
2039,1.6923989686875243
2040,14.516681428523132
2041,1.6952600276223742
2042,1.649744578504501
2043,1.8381880181894938
2044,3.8998434235664874
2045,1.6921914477444124
2046,1.7351810253519158
2047,1.5417060159336482
2048,0.46968999919028576
2049,0.11946247963760583
2050,0.09424145472622014
2051,0.1110482053213781
2052,0.22563543456987378
2053,0.10188000481557914
2054,0.10508822263459755
2055,0.0970655072485726
2056,0.4068396941047024
2057,0.10435444702775977
2058,0.11147542097112828
2059,0.10324589386058582
2060,0.2085690340058546
2061,0.10923721487107595
2062,0.11004385226650791
2063,0.11238879638738333
2064,2.034813540618993
2065,1.0927464590138545
2066,1.2374541681997333
2067,1.0745895451105418
2068,9.28006622641578
2069,1.5360446681290356
2070,1.5252096099889738
2071,1.516165279968228
2072,9.18493198323407
2073,1.5747780416471395
2074,1.559847743680898
2075,1.549974729595446
2076,9.884149663519901
2077,1.5421032310237688
2078,1.5200134343237943
2079,1.5169062901485013
2080,1.6333463624482012
2081,0.19173835430720154
2082,0.08241014714755432
2083,0.1891857906584513
2084,4.685320424756633
2085,0.49337938402678494
2086,0.4639380249727876
2087,0.512011789727548
2088,0.7989339238977516
2089,0.3727266374730288
2090,0.4102471818295198
2091,0.4112881519142678
2092,1.798382234620906
2093,0.516561823710322
2094,0.42161469975522564
2095,0.4305128469706132
2096,4.2061003306422835
2097,1.679126933245021
2098,1.7192553571515776
2099,1.621528271240292
2100,5.980041693907373
2101,1.549921779852071
2102,1.660061498823614
2103,1.56348322921834
2104,3.0060160187805782
2105,1.4892570856742153
2106,1.5840059329202814
2107,1.4969701694757707
2108,2.632863920456705
2109,1.456121663139855
2110,1.657916029999346
2111,1.4474798489806906
